{
  "camera_angle_x": 0.5071864079909484,
  "camera_angle_y": 0.6575004485726241,
  "fl_x": 1253.9889788206085,
  "fl_y": 1245.8627798715113,
  "k1": 0.02568544795225631,
  "k2": -0.24996148277800156,
  "k3": 0,
  "k4": 0,
  "p1": 0.0013406720218193738,
  "p2": 0.0003153380028943246,
  "is_fisheye": false,
  "cx": 311.62791023990684,
  "cy": 446.9393985297808,
  "w": 650.0,
  "h": 850.0,
  "aabb_scale": 128,
  "n_extra_learnable_dims": 16,
  "frames": [
    {
      "file_path": "./images/0015.png",
      "sharpness": 725.8452666973765,
      "transform_matrix": [
        [
          -0.15196261221324886,
          0.44107510239476294,
          0.8845112314605597,
          2.8933451349889054
        ],
        [
          0.9883288357757853,
          0.05816553610102413,
          0.14079375974877295,
          0.459579121855881
        ],
        [
          0.010652552032453168,
          0.8955833431347693,
          -0.44476622924619713,
          -1.3902493463726726
        ],
        [
          0.0,
          0.0,
          0.0,
          1.0
        ]
      ]
    },
    {
      "file_path": "./images/0014.png",
      "sharpness": 692.6828415987685,
      "transform_matrix": [
        [
          -0.2694626503768654,
          0.38457884472128445,
          0.8828867380858194,
          2.903774416911198
        ],
        [
          0.9629349926158519,
          0.09609520036074096,
          0.2520355380964604,
          0.8251463989730462
        ],
        [
          0.012086358077646115,
          0.9180766987039336,
          -0.39621849437960394,
          -1.2416627981619561
        ],
        [
          0.0,
          0.0,
          0.0,
          1.0
        ]
      ]
    },
    {
      "file_path": "./images/0016.png",
      "sharpness": 896.9285894395281,
      "transform_matrix": [
        [
          0.06275419965615216,
          0.4519817000077016,
          0.88981708981496,
          2.919044447902457
        ],
        [
          0.9979104439627668,
          -0.04215913081902433,
          -0.048962776868268325,
          -0.15831177104409483
        ],
        [
          0.01538363596849473,
          0.891030387018215,
          -0.4536829214304784,
          -1.4263457843686536
        ],
        [
          0.0,
          0.0,
          0.0,
          1.0
        ]
      ]
    },
    {
      "file_path": "./images/0013.png",
      "sharpness": 672.2281538213584,
      "transform_matrix": [
        [
          -0.4295232332621684,
          0.2999080535093861,
          0.8518010046785134,
          2.8125051506133754
        ],
        [
          0.9030496726721449,
          0.1391683119976531,
          0.40636617676978215,
          1.3423795733306754
        ],
        [
          0.003328781108062836,
          0.9437623325912785,
          -0.33060789289026155,
          -1.0291604941506007
        ],
        [
          0.0,
          0.0,
          0.0,
          1.0
        ]
      ]
    },
    {
      "file_path": "./images/0006.png",
      "sharpness": 602.1695325526504,
      "transform_matrix": [
        [
          -0.6692044572366868,
          -0.05110574021310267,
          0.7413188232973197,
          2.452747036116355
        ],
        [
          0.7430725804545053,
          -0.042102474967293774,
          0.6678851112117603,
          2.2114278449815257
        ],
        [
          -0.0029214057851283406,
          0.9978053843119671,
          0.06615043816499683,
          0.28479819432486053
        ],
        [
          0.0,
          0.0,
          0.0,
          1.0
        ]
      ]
    },
    {
      "file_path": "./images/0012.png",
      "sharpness": 572.4368070149458,
      "transform_matrix": [
        [
          -0.9825636258980246,
          -0.025894303018947074,
          0.18411465497452967,
          0.6015965472746913
        ],
        [
          0.18502680710182226,
          -0.03887273451659923,
          0.9819643533066466,
          3.2539702735422127
        ],
        [
          -0.018270242414886447,
          0.9989086022381789,
          0.042986075184923936,
          0.20860129014771323
        ],
        [
          0.0,
          0.0,
          0.0,
          1.0
        ]
      ]
    },
    {
      "file_path": "./images/0005.png",
      "sharpness": 624.8712701026597,
      "transform_matrix": [
        [
          -0.46768811043958325,
          -0.0541753802514097,
          0.8822317493556715,
          2.9181114683939535
        ],
        [
          0.8838834949281357,
          -0.03342915855625311,
          0.4665109417279292,
          1.542955713943631
        ],
        [
          0.004218857373017513,
          0.9979717027931796,
          0.06351914443443596,
          0.2772533703198399
        ],
        [
          0.0,
          0.0,
          0.0,
          1.0
        ]
      ]
    },
    {
      "file_path": "./images/0009.png",
      "sharpness": 588.2107025127249,
      "transform_matrix": [
        [
          -0.8750800592720096,
          -0.042714693991779615,
          0.4820895609995984,
          1.5957392104084116
        ],
        [
          0.4837712382773424,
          -0.048072466835260175,
          0.8738732327677816,
          2.902490443226575
        ],
        [
          -0.014151993292504661,
          0.9979301042120091,
          0.06273139753259221,
          0.27442244142519845
        ],
        [
          0.0,
          0.0,
          0.0,
          1.0
        ]
      ]
    },
    {
      "file_path": "./images/0003.png",
      "sharpness": 763.4795921230735,
      "transform_matrix": [
        [
          -0.07774289947230256,
          -0.07192983099142707,
          0.9943752516219844,
          3.2807296091794167
        ],
        [
          0.9969001985698464,
          -0.017698216377726353,
          0.07666007584448674,
          0.2523724826610737
        ],
        [
          0.012084522064578057,
          0.9972526623648142,
          0.07308277345514173,
          0.3086896457488524
        ],
        [
          0.0,
          0.0,
          0.0,
          1.0
        ]
      ]
    },
    {
      "file_path": "./images/0011.png",
      "sharpness": 581.4880781506655,
      "transform_matrix": [
        [
          -0.9636954607669665,
          -0.028852103356339382,
          0.2654404171789966,
          0.8706216631466569
        ],
        [
          0.266430853972516,
          -0.03881680807551894,
          0.963072092557114,
          3.191442538761257
        ],
        [
          -0.017483105824941024,
          0.9988297210164556,
          0.045094672279972915,
          0.21569900516763924
        ],
        [
          0.0,
          0.0,
          0.0,
          1.0
        ]
      ]
    },
    {
      "file_path": "./images/0008.png",
      "sharpness": 599.7394943444239,
      "transform_matrix": [
        [
          -0.8309260127939668,
          -0.04173130923446314,
          0.5548156983494599,
          1.8344687399506698
        ],
        [
          0.5563356095051991,
          -0.04931320839127842,
          0.8294931567376981,
          2.749622058953007
        ],
        [
          -0.007256093280232346,
          0.9979111710722356,
          0.06419224098504794,
          0.2785160367812792
        ],
        [
          0.0,
          0.0,
          0.0,
          1.0
        ]
      ]
    },
    {
      "file_path": "./images/0010.png",
      "sharpness": 599.1702600041768,
      "transform_matrix": [
        [
          -0.9324748280963757,
          -0.03163623439680547,
          0.359846972591025,
          1.1833537874934807
        ],
        [
          0.360871626111496,
          -0.03691472489539736,
          0.9318846347877917,
          3.0863334036401033
        ],
        [
          -0.016197668739288754,
          0.9988175267796219,
          0.045838671101880314,
          0.21795326922767538
        ],
        [
          0.0,
          0.0,
          0.0,
          1.0
        ]
      ]
    },
    {
      "file_path": "./images/0007.png",
      "sharpness": 619.0802818458884,
      "transform_matrix": [
        [
          -0.7488955445143182,
          -0.04729284632957396,
          0.6609983737769336,
          2.1837942029952098
        ],
        [
          0.6626692697422546,
          -0.04593246178586765,
          0.7475022728350669,
          2.4747503260699952
        ],
        [
          -0.004990227576166361,
          0.9978244312920864,
          0.06573813192126192,
          0.28346812270590477
        ],
        [
          0.0,
          0.0,
          0.0,
          1.0
        ]
      ]
    },
    {
      "file_path": "./images/0002.png",
      "sharpness": 769.8195406723991,
      "transform_matrix": [
        [
          0.07690586596306358,
          -0.07191149064556866,
          0.9944416651250613,
          3.288257612374647
        ],
        [
          0.9969180245504279,
          -0.009949376471399861,
          -0.07781685058094416,
          -0.257993473185517
        ],
        [
          0.01549000022779416,
          0.9973613926075601,
          0.07092469578353133,
          0.3006820965146589
        ],
        [
          0.0,
          0.0,
          0.0,
          1.0
        ]
      ]
    },
    {
      "file_path": "./images/0004.png",
      "sharpness": 710.0482631437553,
      "transform_matrix": [
        [
          -0.2810980237005395,
          -0.06971813514811327,
          0.9571432926924897,
          3.1642862076495795
        ],
        [
          0.9596376409355778,
          -0.029686440878057815,
          0.2796682200887806,
          0.924696575584222
        ],
        [
          0.0089162310055633,
          0.9971249153955358,
          0.07524894660548828,
          0.3144244433474469
        ],
        [
          0.0,
          0.0,
          0.0,
          1.0
        ]
      ]
    },
    {
      "file_path": "./images/0001.png",
      "sharpness": 938.5397452148844,
      "transform_matrix": [
        [
          0.45346767131136156,
          -0.06651111074103887,
          0.888787569257438,
          2.9363762813976733
        ],
        [
          0.8909940704286411,
          0.008895124074353613,
          -0.4539277951709255,
          -1.5003055518446298
        ],
        [
          0.02228536614876095,
          0.9977460342987229,
          0.06329465648791108,
          0.27519317124219533
        ],
        [
          0.0,
          0.0,
          0.0,
          1.0
        ]
      ]
    },
    {
      "file_path": "./images/0017.png",
      "sharpness": 896.3887185398466,
      "transform_matrix": [
        [
          0.3180154810910895,
          0.439513177067753,
          0.8400561415841884,
          2.765411846434677
        ],
        [
          0.9478690221946527,
          -0.16632636765889583,
          -0.271808491745908,
          -0.8971873198092623
        ],
        [
          0.02026007289800709,
          0.8827025017792353,
          -0.46949528521805334,
          -1.4840055183836225
        ],
        [
          0.0,
          0.0,
          0.0,
          1.0
        ]
      ]
    },
    {
      "file_path": "./images/0018.png",
      "sharpness": 1037.3813483714453,
      "transform_matrix": [
        [
          0.47107339852998537,
          0.4159150797964335,
          0.777884631316519,
          2.5751721573137814
        ],
        [
          0.8819330257514768,
          -0.2389223052901183,
          -0.40633763070103995,
          -1.347945901311951
        ],
        [
          0.016852041266579746,
          0.8774569952275104,
          -0.47935918711817027,
          -1.5209256118040233
        ],
        [
          0.0,
          0.0,
          0.0,
          1.0
        ]
      ]
    },
    {
      "file_path": "./images/0021.png",
      "sharpness": 728.7866836148942,
      "transform_matrix": [
        [
          0.8782527662290093,
          0.213217402336246,
          0.4280308610312776,
          1.4183979669210929
        ],
        [
          0.4776601509852893,
          -0.43354399326764176,
          -0.764120661978389,
          -2.533200718450764
        ],
        [
          0.022646386114802283,
          0.8755443708218256,
          -0.48260666796190005,
          -1.536818962518954
        ],
        [
          0.0,
          0.0,
          0.0,
          1.0
        ]
      ]
    },
    {
      "file_path": "./images/0024.png",
      "sharpness": 535.8679366401801,
      "transform_matrix": [
        [
          0.9996689929125205,
          -0.024835039462760156,
          -0.006717549199722296,
          -0.019780266527071252
        ],
        [
          -0.018190951761885638,
          -0.49766909630301903,
          -0.8671761988540547,
          -2.8677861558816446
        ],
        [
          0.018193238480109862,
          0.8670113559995909,
          -0.4979561373097949,
          -1.5827739913117274
        ],
        [
          0.0,
          0.0,
          0.0,
          1.0
        ]
      ]
    },
    {
      "file_path": "./images/0020.png",
      "sharpness": 785.2488196863424,
      "transform_matrix": [
        [
          0.7786337143162834,
          0.295377570623505,
          0.553607830278515,
          1.8280226013514635
        ],
        [
          0.6272468184223062,
          -0.390380668832806,
          -0.6739171775379964,
          -2.225087162343968
        ],
        [
          0.017057776352582238,
          0.871983385283831,
          -0.4892381915774664,
          -1.547970648430732
        ],
        [
          0.0,
          0.0,
          0.0,
          1.0
        ]
      ]
    },
    {
      "file_path": "./images/0019.png",
      "sharpness": 919.1993121269228,
      "transform_matrix": [
        [
          0.6349311554040991,
          0.3525221646991231,
          0.6874522174930855,
          2.272678071630066
        ],
        [
          0.7721122002374428,
          -0.3201327626749133,
          -0.548960622000027,
          -1.8191329287609201
        ],
        [
          0.026555190791030123,
          0.8793424462045255,
          -0.47544892910619513,
          -1.511603488844392
        ],
        [
          0.0,
          0.0,
          0.0,
          1.0
        ]
      ]
    },
    {
      "file_path": "./images/0023.png",
      "sharpness": 531.7690115276558,
      "transform_matrix": [
        [
          0.9861026517665397,
          0.07387638555400003,
          0.1488080638929771,
          0.4924120776280245
        ],
        [
          0.16567620134662597,
          -0.5039517326891444,
          -0.8476933687525197,
          -2.7822408492878177
        ],
        [
          0.01236755949545244,
          0.8605666335673051,
          -0.5091876988949131,
          -1.6032077371368652
        ],
        [
          0.0,
          0.0,
          0.0,
          1.0
        ]
      ]
    },
    {
      "file_path": "./images/0022.png",
      "sharpness": 656.5012669670151,
      "transform_matrix": [
        [
          0.9435356914310425,
          0.14557510500417908,
          0.29757064344768136,
          0.9806655578414013
        ],
        [
          0.3304583716085721,
          -0.47648954698434554,
          -0.814711590839665,
          -2.691861999002792
        ],
        [
          0.023187575707619628,
          0.867044174452024,
          -0.4976914063199668,
          -1.5783946098772734
        ],
        [
          0.0,
          0.0,
          0.0,
          1.0
        ]
      ]
    },
    {
      "file_path": "./images/0025.png",
      "sharpness": 744.0473368872741,
      "transform_matrix": [
        [
          0.7299008531141208,
          0.40185774375992683,
          0.5529512622705188,
          1.8334862365311722
        ],
        [
          0.6831002253971965,
          -0.45826043301122976,
          -0.5686575925798351,
          -1.8882259643100112
        ],
        [
          0.024876227756109724,
          0.7927847938444994,
          -0.6089937963433578,
          -1.960623694686011
        ],
        [
          0.0,
          0.0,
          0.0,
          1.0
        ]
      ]
    },
    {
      "file_path": "./images/0031.png",
      "sharpness": 744.1076693475565,
      "transform_matrix": [
        [
          -0.4536191000453892,
          -0.29651486694449736,
          0.8404217071197048,
          2.781598359200316
        ],
        [
          0.8911756875587195,
          -0.15723697021270994,
          0.42553781160151327,
          1.4094340033028108
        ],
        [
          0.005967075341620619,
          0.9419954718156386,
          0.33557253334239784,
          1.1772358484238783
        ],
        [
          0.0,
          0.0,
          0.0,
          1.0
        ]
      ]
    },
    {
      "file_path": "./images/0032.png",
      "sharpness": 666.5255492756528,
      "transform_matrix": [
        [
          -0.6376870882883415,
          -0.26249916287211766,
          0.7241887647325628,
          2.391732556852674
        ],
        [
          0.770276086617919,
          -0.2106268550445854,
          0.6019228175760122,
          1.993030461226451
        ],
        [
          -0.005470633753086767,
          0.9416636965852249,
          0.33651085382632684,
          1.1804198769992063
        ],
        [
          0.0,
          0.0,
          0.0,
          1.0
        ]
      ]
    },
    {
      "file_path": "./images/0030.png",
      "sharpness": 725.8039010909558,
      "transform_matrix": [
        [
          -0.17375158543147481,
          -0.32630783378162675,
          0.9291574593231721,
          3.072749571809298
        ],
        [
          0.9847139797981915,
          -0.0692534211264973,
          0.15981971609384366,
          0.5287829238383644
        ],
        [
          0.012196907469157173,
          0.9427232686838104,
          0.333352777359715,
          1.1685929848465628
        ],
        [
          0.0,
          0.0,
          0.0,
          1.0
        ]
      ]
    },
    {
      "file_path": "./images/0029.png",
      "sharpness": 793.9465309591234,
      "transform_matrix": [
        [
          0.008446997977936932,
          -0.3312852215613207,
          0.9434928458887902,
          3.124043816311976
        ],
        [
          0.9998623117608483,
          -0.010678744679355201,
          -0.01270125711730224,
          -0.041453034031039074
        ],
        [
          0.014283057986257388,
          0.9434702255133744,
          0.3311494041477935,
          1.1625298068947216
        ],
        [
          0.0,
          0.0,
          0.0,
          1.0
        ]
      ]
    },
    {
      "file_path": "./images/0033.png",
      "sharpness": 601.172606319245,
      "transform_matrix": [
        [
          -0.806329649706726,
          -0.2785650238713524,
          0.5217605039886425,
          1.729332754187516
        ],
        [
          0.5914131543724594,
          -0.3678898407031893,
          0.7175566499884405,
          2.3828764003284237
        ],
        [
          -0.00793579663548022,
          0.8871632277207985,
          0.4613875058504619,
          1.5980724590017192
        ],
        [
          0.0,
          0.0,
          0.0,
          1.0
        ]
      ]
    },
    {
      "file_path": "./images/0034.png",
      "sharpness": 553.7606388691829,
      "transform_matrix": [
        [
          -0.9107590828226968,
          -0.20188564889173555,
          0.36022226176435024,
          1.183909277713002
        ],
        [
          0.41264064428435343,
          -0.41184372763061344,
          0.8124730412117986,
          2.6894455373338504
        ],
        [
          -0.01567136807152512,
          0.8886095480122332,
          0.45839663987358836,
          1.5841378030325732
        ],
        [
          0.0,
          0.0,
          0.0,
          1.0
        ]
      ]
    },
    {
      "file_path": "./images/0028.png",
      "sharpness": 913.7550448162126,
      "transform_matrix": [
        [
          0.22346173329193103,
          -0.32332318483323497,
          0.9195254058189802,
          3.0420782744306023
        ],
        [
          0.9745267804423331,
          0.055685557127538254,
          -0.21724795264427837,
          -0.7182486674269488
        ],
        [
          0.019037015431492298,
          0.9446487373197143,
          0.32753069347294034,
          1.1488378759562434
        ],
        [
          0.0,
          0.0,
          0.0,
          1.0
        ]
      ]
    },
    {
      "file_path": "./images/0027.png",
      "sharpness": 936.7859438636748,
      "transform_matrix": [
        [
          0.3108696629560851,
          -0.3157829333373623,
          0.8964603681755943,
          2.9680622179058127
        ],
        [
          0.9502414488254748,
          0.08338387089288324,
          -0.3001471622538111,
          -0.9952969328921352
        ],
        [
          0.020031015728853376,
          0.9451604462368628,
          0.3259915479292978,
          1.1445318225907688
        ],
        [
          0.0,
          0.0,
          0.0,
          1.0
        ]
      ]
    },
    {
      "file_path": "./images/0038.png",
      "sharpness": 497.76364593003757,
      "transform_matrix": [
        [
          0.9323689046885218,
          0.10658521118684425,
          -0.34543858841953695,
          -1.148399430056843
        ],
        [
          -0.36082798884359163,
          0.33297062490624685,
          -0.8711680236422052,
          -2.8920585342729326
        ],
        [
          0.022167274873654958,
          0.9368938871313385,
          0.3489103842303087,
          1.220461591882034
        ],
        [
          0.0,
          0.0,
          0.0,
          1.0
        ]
      ]
    },
    {
      "file_path": "./images/0026.png",
      "sharpness": 1002.5061752668324,
      "transform_matrix": [
        [
          0.5655512128705134,
          -0.2766042501304861,
          0.7769439583866672,
          2.5764946942113425
        ],
        [
          0.8243759420150757,
          0.16266673625223027,
          -0.5421658778859454,
          -1.7987608809691455
        ],
        [
          0.02358244813733085,
          0.9471164774033338,
          0.3200222592478299,
          1.12386468503829
        ],
        [
          0.0,
          0.0,
          0.0,
          1.0
        ]
      ]
    },
    {
      "file_path": "./images/0037.png",
      "sharpness": 523.1089197118126,
      "transform_matrix": [
        [
          0.9892816490280075,
          0.04444865342078945,
          -0.13909038841201318,
          -0.460565972043553
        ],
        [
          -0.14533693886978705,
          0.39175212623638,
          -0.9085193700682822,
          -3.0185515087678385
        ],
        [
          0.01410649279321117,
          0.9189965118730493,
          0.3940132206784161,
          1.3718304566423236
        ],
        [
          0.0,
          0.0,
          0.0,
          1.0
        ]
      ]
    },
    {
      "file_path": "./images/0041.png",
      "sharpness": 466.4138171811519,
      "transform_matrix": [
        [
          0.8030805101628896,
          0.46946231923049103,
          -0.36696978766969607,
          -1.2195492960020549
        ],
        [
          -0.5958279060154699,
          0.6400359202372409,
          -0.485121765353115,
          -1.6191120034099227
        ],
        [
          0.007127456678575266,
          0.6082426749690782,
          0.7937191239669674,
          2.6926609602526574
        ],
        [
          0.0,
          0.0,
          0.0,
          1.0
        ]
      ]
    },
    {
      "file_path": "./images/0039.png",
      "sharpness": 545.4198171194562,
      "transform_matrix": [
        [
          0.8260692465961575,
          0.12696685014210835,
          -0.5490801570227689,
          -1.8150606450839872
        ],
        [
          -0.5634556589672625,
          0.2055755452494853,
          -0.8001602436844627,
          -2.643457826502127
        ],
        [
          0.011283626916070575,
          0.9703700913577344,
          0.24135982599665595,
          0.8617111802172128
        ],
        [
          0.0,
          0.0,
          0.0,
          1.0
        ]
      ]
    },
    {
      "file_path": "./images/0036.png",
      "sharpness": 555.0161552901047,
      "transform_matrix": [
        [
          0.9969408627589242,
          -0.050888274208351514,
          0.05932368627022615,
          0.19859777738095588
        ],
        [
          0.07646202020345867,
          0.47766378857515496,
          -0.8752090404871682,
          -2.906827914293992
        ],
        [
          0.016201100905859203,
          0.8770676648158254,
          0.48009356974144957,
          1.6557664382541926
        ],
        [
          0.0,
          0.0,
          0.0,
          1.0
        ]
      ]
    },
    {
      "file_path": "./images/0040.png",
      "sharpness": 582.1440361953081,
      "transform_matrix": [
        [
          0.5848132949754864,
          0.12509798457008015,
          -0.8014636013690947,
          -2.665959776618473
        ],
        [
          -0.8111099187299621,
          0.07836696722189467,
          -0.5796199773872106,
          -1.9271407025465213
        ],
        [
          -0.009701019209661984,
          0.989044545380941,
          0.14729826041619193,
          0.5514542289982782
        ],
        [
          0.0,
          0.0,
          0.0,
          1.0
        ]
      ]
    },
    {
      "file_path": "./images/0042.png",
      "sharpness": 522.3248940656384,
      "transform_matrix": [
        [
          0.988499724247345,
          0.10607900976652246,
          -0.10777540950039186,
          -0.3590474036037305
        ],
        [
          -0.14957888672720618,
          0.7906678892122702,
          -0.5936922145473162,
          -1.978010156898066
        ],
        [
          0.022236273313389808,
          0.6029855161374554,
          0.7974421706435604,
          2.7057780429470997
        ],
        [
          0.0,
          0.0,
          0.0,
          1.0
        ]
      ]
    },
    {
      "file_path": "./images/0035.png",
      "sharpness": 722.6686064667668,
      "transform_matrix": [
        [
          0.9358676284757169,
          -0.20662332638122075,
          0.28540950055928044,
          0.9475795484647985
        ],
        [
          0.35175155384294965,
          0.5006091379929162,
          -0.7909875696413274,
          -2.625210408921183
        ],
        [
          0.020557878715518545,
          0.8406528962572672,
          0.5411839628814967,
          1.8569519873139078
        ],
        [
          0.0,
          0.0,
          0.0,
          1.0
        ]
      ]
    },
    {
      "file_path": "./images/0046.png",
      "sharpness": 708.1334292973328,
      "transform_matrix": [
        [
          -0.31399324572401327,
          0.5397447944467927,
          0.7810786122730475,
          2.5566241210634133
        ],
        [
          0.949411312099122,
          0.17404902530251357,
          0.26139069847548596,
          0.8534534894415935
        ],
        [
          0.005138297668190905,
          0.8236397839471,
          -0.5670900318642377,
          -1.7922011836209941
        ],
        [
          0.0,
          0.0,
          0.0,
          1.0
        ]
      ]
    },
    {
      "file_path": "./images/0043.png",
      "sharpness": 667.909742881461,
      "transform_matrix": [
        [
          0.902708500824609,
          -0.3546524262591349,
          0.24359601624533334,
          0.8114307669853729
        ],
        [
          0.4298623415563385,
          0.7193062301196773,
          -0.5457260435628426,
          -1.8147901572662384
        ],
        [
          0.01832293330475802,
          0.5973442925825737,
          0.8017755710155235,
          2.71777985251168
        ],
        [
          0.0,
          0.0,
          0.0,
          1.0
        ]
      ]
    },
    {
      "file_path": "./images/0054.png",
      "sharpness": 502.5248051674979,
      "transform_matrix": [
        [
          0.9973714071505354,
          0.014938770834949442,
          0.07090211116463281,
          0.40388535297310246
        ],
        [
          0.07000929268383117,
          -0.4509509963535255,
          -0.8897987962599782,
          -4.941990910367105
        ],
        [
          0.018680877366717686,
          0.8924236841590939,
          -0.45081148256877224,
          -2.723119967279827
        ],
        [
          0.0,
          0.0,
          0.0,
          1.0
        ]
      ]
    },
    {
      "file_path": "./images/0051.png",
      "sharpness": 417.1117791414392,
      "transform_matrix": [
        [
          -0.996576080023263,
          -0.02073648055439008,
          0.08003821051713286,
          0.5465248117359842
        ],
        [
          0.08021424450208293,
          -0.0077998221487446135,
          0.9967471282895385,
          6.906262520647115
        ],
        [
          -0.020044743636282693,
          0.9997545504731635,
          0.00943647730317709,
          -0.13906724196023604
        ],
        [
          0.0,
          0.0,
          0.0,
          1.0
        ]
      ]
    },
    {
      "file_path": "./images/0045.png",
      "sharpness": 799.1350370958004,
      "transform_matrix": [
        [
          -0.042543223473661046,
          -0.7734138930581217,
          0.632472152908135,
          2.1083577383754792
        ],
        [
          0.9989779422289811,
          -0.04260427491418195,
          0.015097903795590643,
          0.04902395260868026
        ],
        [
          0.015269088926497932,
          0.632468043324462,
          0.7744359425671152,
          2.640143451128113
        ],
        [
          0.0,
          0.0,
          0.0,
          1.0
        ]
      ]
    },
    {
      "file_path": "./images/0050.png",
      "sharpness": 480.21861821961056,
      "transform_matrix": [
        [
          -0.9080125103594171,
          -0.018937689769248766,
          0.41851480855531703,
          2.8951948617187244
        ],
        [
          0.4186679686997855,
          -0.004822903649556404,
          0.9081265724474846,
          6.292435044301232
        ],
        [
          -0.015179362702646694,
          0.999809033540768,
          0.012307860957613439,
          -0.11841588649707101
        ],
        [
          0.0,
          0.0,
          0.0,
          1.0
        ]
      ]
    },
    {
      "file_path": "./images/0049.png",
      "sharpness": 453.3347600981766,
      "transform_matrix": [
        [
          -0.7070933567497392,
          -0.009241051246157565,
          0.7070598191492378,
          4.866472456542583
        ],
        [
          0.7071067468236033,
          -0.003071329007228612,
          0.7071001453363617,
          4.877429904856159
        ],
        [
          -0.004362735346819939,
          0.9999525838524193,
          0.008706126021304899,
          -0.14051086590315268
        ],
        [
          0.0,
          0.0,
          0.0,
          1.0
        ]
      ]
    },
    {
      "file_path": "./images/0048.png",
      "sharpness": 495.96704072314344,
      "transform_matrix": [
        [
          -0.369276162489545,
          -0.00534998181804022,
          0.9293043062176365,
          6.3905201312046
        ],
        [
          0.9292965178485372,
          -0.009189893844019643,
          0.3692201616458035,
          2.5469565900013085
        ],
        [
          0.006564886771271514,
          0.999943460196032,
          0.008365328206463598,
          -0.1436405903588365
        ],
        [
          0.0,
          0.0,
          0.0,
          1.0
        ]
      ]
    },
    {
      "file_path": "./images/0044.png",
      "sharpness": 802.1636321379526,
      "transform_matrix": [
        [
          0.46863824286345845,
          -0.7210141417343786,
          0.5104084685700152,
          1.6948848484321823
        ],
        [
          0.883136298710511,
          0.36853685161571564,
          -0.29025999879609526,
          -0.963048486167904
        ],
        [
          0.021177233866996055,
          0.5867871815727751,
          0.8094642230208549,
          2.740764593140301
        ],
        [
          0.0,
          0.0,
          0.0,
          1.0
        ]
      ]
    },
    {
      "file_path": "./images/0053.png",
      "sharpness": 447.78571063340706,
      "transform_matrix": [
        [
          0.9937116986587444,
          -0.019605760629772696,
          -0.11023916791223136,
          -0.7484569330314909
        ],
        [
          -0.1100826405374175,
          0.008894692727159058,
          -0.9938826372835138,
          -6.846966646637908
        ],
        [
          0.02046636860574471,
          0.9997682224568599,
          0.006680506319082911,
          -0.15562697073919507
        ],
        [
          0.0,
          0.0,
          0.0,
          1.0
        ]
      ]
    },
    {
      "file_path": "./images/0055.png",
      "sharpness": 874.8394529106089,
      "transform_matrix": [
        [
          0.6396622548916306,
          0.38949377961762643,
          0.6626664284157082,
          3.0575005870434526
        ],
        [
          0.7681020904603406,
          -0.35662227930414975,
          -0.5318267843333969,
          -2.4454235325592735
        ],
        [
          0.029178387788046902,
          0.849184989022459,
          -0.5272887976698837,
          -2.6598984661004903
        ],
        [
          0.0,
          0.0,
          0.0,
          1.0
        ]
      ]
    },
    {
      "file_path": "./images/0047.png",
      "sharpness": 611.0424632338602,
      "transform_matrix": [
        [
          0.3978667866111082,
          -0.005701860982201457,
          0.9174254786827054,
          6.319027066122772
        ],
        [
          0.9172133310295094,
          -0.01991136562176535,
          -0.3978985334238643,
          -2.7302087547365286
        ],
        [
          0.020535956259379123,
          0.9997854901645319,
          -0.0026922481524185426,
          -0.21888195982336348
        ],
        [
          0.0,
          0.0,
          0.0,
          1.0
        ]
      ]
    },
    {
      "file_path": "./images/0056.png",
      "sharpness": 680.3560359311367,
      "transform_matrix": [
        [
          -0.3660821824611968,
          0.5199054117955413,
          0.7718045079638085,
          3.345819544593311
        ],
        [
          0.9305646487222035,
          0.19938110328093683,
          0.3070775312572254,
          1.3331810405604163
        ],
        [
          0.005768036026421282,
          0.8306296036629961,
          -0.556795466326897,
          -2.6422305899327303
        ],
        [
          0.0,
          0.0,
          0.0,
          1.0
        ]
      ]
    },
    {
      "file_path": "./images/0052.png",
      "sharpness": 511.36569831651616,
      "transform_matrix": [
        [
          0.9642444949135992,
          -0.024765939110516635,
          0.26385450978122904,
          1.8260249760946672
        ],
        [
          0.2644736164873751,
          0.02636279962596178,
          -0.9640325248548433,
          -6.642536211163326
        ],
        [
          0.016919227239343772,
          0.9993456114372854,
          0.03197012189210842,
          0.018730893754670044
        ],
        [
          0.0,
          0.0,
          0.0,
          1.0
        ]
      ]
    },
    {
      "file_path": "./images/0059.png",
      "sharpness": 391.20035060707187,
      "transform_matrix": [
        [
          0.9804385941525556,
          0.07301132016299883,
          -0.1827826859068362,
          -1.2543737864667432
        ],
        [
          -0.1960969296737769,
          0.4421565011901555,
          -0.8752391802403681,
          -6.0528807040526935
        ],
        [
          0.016916184870975744,
          0.8939613949259587,
          0.4478245941376819,
          2.8904588821076933
        ],
        [
          0.0,
          0.0,
          0.0,
          1.0
        ]
      ]
    },
    {
      "file_path": "./images/0058.png",
      "sharpness": 604.1609840539024,
      "transform_matrix": [
        [
          -0.16926702232308447,
          -0.5033541686172545,
          0.8473389263645391,
          5.856575546345152
        ],
        [
          0.9854839940030845,
          -0.09781404262002186,
          0.1387577407934091,
          0.9648557009252369
        ],
        [
          0.01303735860074966,
          0.8585260590363905,
          0.5126041682227084,
          3.3357642512600965
        ],
        [
          0.0,
          0.0,
          0.0,
          1.0
        ]
      ]
    },
    {
      "file_path": "./images/0057.png",
      "sharpness": 676.1187586006803,
      "transform_matrix": [
        [
          0.3839524668103186,
          -0.47577110029665876,
          0.7913421279041568,
          5.469803297647832
        ],
        [
          0.9231202429958508,
          0.17855103595493793,
          -0.34054154596867314,
          -2.3427619358947394
        ],
        [
          0.02072486929016871,
          0.8612557040298103,
          0.5077490444226912,
          3.300886742687789
        ],
        [
          0.0,
          0.0,
          0.0,
          1.0
        ]
      ]
    }
  ]
}